{
  "params": {
    "alpha": 20.0,
    "a": -6.0,
    "b": 2.56,
    "n_tanks": 25,
    "n_pipelines": 57,
    "threshold": 0.03,
    "n_above_threshold": 2444
  },
  "labels": [
    "n5",
    "n8",
    "n10",
    "n12",
    "n14",
    "n16",
    "n19",
    "n21",
    "n23",
    "n25",
    "n27",
    "n29",
    "n31",
    "n34",
    "n36",
    "n38",
    "n40",
    "n42",
    "n43",
    "n45",
    "n46",
    "n48",
    "n49",
    "n51",
    "n52",
    "(n1, n3)",
    "(n2, n3)",
    "(n3, n4)",
    "(n4, n5)",
    "(n4, n6)",
    "(n6, n7)",
    "(n7, n8)",
    "(n7, n9)",
    "(n9, n10)",
    "(n9, n11)",
    "(n11, n12)",
    "(n11, n13)",
    "(n13, n14)",
    "(n13, n15)",
    "(n15, n16)",
    "(n6, n17)",
    "(n17, n18)",
    "(n18, n19)",
    "(n18, n20)",
    "(n20, n21)",
    "(n17, n22)",
    "(n22, n23)",
    "(n22, n24)",
    "(n24, n25)",
    "(n24, n26)",
    "(n26, n27)",
    "(n26, n28)",
    "(n28, n29)",
    "(n28, n30)",
    "(n30, n31)",
    "(n17, n32)",
    "(n32, n33)",
    "(n33, n34)",
    "(n33, n35)",
    "(n35, n36)",
    "(n35, n37)",
    "(n37, n38)",
    "(n32, n39)",
    "(n39, n40)",
    "(n39, n41)",
    "(n41, n42)",
    "(n41, n43)",
    "(n41, n44)",
    "(n44, n45)",
    "(n44, n46)",
    "(n44, n47)",
    "(n47, n48)",
    "(n47, n49)",
    "(n47, n50)",
    "(n50, n51)",
    "(n50, n52)",
    "(n37, n53)",
    "(n32, n55)",
    "(n53, n54)",
    "(n54, n56)",
    "(n55, n56)",
    "(n56, n57)"
  ],
  "matrix": [
    [
      1.0,
      0.12644191232659524,
      0.014578269974531152,
      0.001762384437405526,
      0.0002423456521755522,
      3.813624039057982e-05,
      0.4580362849786884,
      0.24932047995279644,
      0.05325714583656324,
      0.007930494672338867,
      0.0011339964248893509,
      0.0001737743237679898,
      2.9407048761506244e-05,
      0.030065015541526123,
      0.020267427535008285,
      0.007121287390587496,
      0.007121287390587496,
      0.0017129630502528688,
      0.0002423456521755522,
      0.00035135792850851736,
      7.088547971832477e-05,
      6.962552932436511e-05,
      1.8756365021813226e-05,
      1.4160989434835577e-05,
      4.788541248482979e-06,
      0.014007750992842367,
      0.01027299410200856,
      0.26185341752367264,
      0.999712915044598,
      0.8638600085753756,
      0.26185341752367264,
      0.11930991709132571,
      0.035729309216832414,
      0.014007750992842367,
      0.004375819968826536,
      0.0017129630502528688,
      0.0005828477624848827,
      0.0002372499751521471,
      8.78055557088132e-05,
      3.7511802947806735e-05,
      0.24932047995279644,
      0.1110482435856125,
      0.24932047995279644,
      0.1110482435856125,
      0.14226238155895776,
      0.043207429456863296,
      0.03450249098000718,
      0.009441530280225246,
      0.005773884322602142,
      0.0016534175130193778,
      0.0008958829608499131,
      0.000280200544854238,
      0.00014507527221463464,
      4.9703478760827656e-05,
      2.5503892058414194e-05,
      0.020267427535008285,
      0.006577096748802993,
      0.014578269974531152,
      0.006577096748802993,
      0.01027299410200856,
      0.003603532046031322,
      0.0040002200514145,
      0.003603532046031322,
      0.0040002200514145,
      0.0012541683822919533,
      0.0010753508132621795,
      0.0004025270082517135,
      0.00033411949446320933,
      0.0002423456521755522,
      0.00010842894738975821,
      7.865264453331029e-05,
      5.1660519389168694e-05,
      2.673583204384737e-05,
      1.7863030577420477e-05,
      1.1104313118866433e-05,
      6.4438351256068486e-06,
      0.0006789501476802056,
      0.0013702948605004014,
      0.00011705002059208714,
      0.00012342955740818513,
      0.00020061030541233642,
      4.6428189377171886e-05
    ],
    [
      0.12644191232659524,
      1.0,
      0.7360071804468135,
      0.12644191232659524,
      0.014578269974531152,
      0.001762384437405526,
      0.05325714583656324,
      0.007930494672338867,
      0.4580362849786884,
      0.24932047995279644,
      0.05325714583656324,
      0.007930494672338867,
      0.0011339964248893509,
      0.007121287390587496,
      0.0017129630502528688,
      0.00035135792850851736,
      0.030065015541526123,
      0.020267427535008285,
      0.0013702948605004014,
      0.007121287390587496,
      0.0006789501476802056,
      0.0017129630502528688,
      0.0002423456521755522,
      0.00035135792850851736,
      7.088547971832477e-05,
      0.0002372499751521471,
      0.00020061030541233642,
      0.004375819968826536,
      0.11930991709132571,
      0.26185341752367264,
      0.8638600085753756,
      0.999712915044598,
      0.8638600085753756,
      0.6901312751085779,
      0.26185341752367264,
      0.11930991709132571,
      0.035729309216832414,
      0.014007750992842367,
      0.004375819968826536,
      0.0017129630502528688,
      0.24932047995279644,
      0.043207429456863296,
      0.03450249098000718,
      0.009441530280225246,
      0.005773884322602142,
      0.1110482435856125,
      0.24932047995279644,
      0.1110482435856125,
      0.14226238155895776,
      0.043207429456863296,
      0.03450249098000718,
      0.009441530280225246,
      0.005773884322602142,
      0.0016534175130193778,
      0.0008958829608499131,
      0.020267427535008285,
      0.003603532046031322,
      0.0040002200514145,
      0.0012541683822919533,
      0.0010753508132621795,
      0.00033411949446320933,
      0.0002423456521755522,
      0.006577096748802993,
      0.014578269974531152,
      0.006577096748802993,
      0.01027299410200856,
      0.002660640660683753,
      0.003603532046031322,
      0.0040002200514145,
      0.0012290049456642354,
      0.0012541683822919533,
      0.0010753508132621795,
      0.0004025270082517135,
      0.00033411949446320933,
      0.0002423456521755522,
      0.00010842894738975821,
      7.088547971832477e-05,
      0.0013702948605004014,
      1.8756365021813226e-05,
      4.6428189377171886e-05,
      0.00020061030541233642,
      0.00012342955740818513
    ],
    [
      0.014578269974531152,
      0.7360071804468135,
      1.0,
      0.7360071804468135,
      0.12644191232659524,
      0.014578269974531152,
      0.007930494672338867,
      0.0011339964248893509,
      0.24932047995279644,
      0.4580362849786884,
      0.24932047995279644,
      0.05325714583656324,
      0.007930494672338867,
      0.0017129630502528688,
      0.00035135792850851736,
      6.962552932436511e-05,
      0.020267427535008285,
      0.030065015541526123,
      0.001762384437405526,
      0.020267427535008285,
      0.0013702948605004014,
      0.007121287390587496,
      0.0006789501476802056,
      0.0017129630502528688,
      0.0002423456521755522,
      3.7511802947806735e-05,
      3.291276720044624e-05,
      0.0005828477624848827,
      0.014007750992842367,
      0.035729309216832414,
      0.26185341752367264,
      0.6901312751085779,
      0.8638600085753756,
      0.999712915044598,
      0.8638600085753756,
      0.6901312751085779,
      0.26185341752367264,
      0.11930991709132571,
      0.035729309216832414,
      0.014007750992842367,
      0.05325714583656324,
      0.009441530280225246,
      0.005773884322602142,
      0.0016534175130193778,
      0.0008958829608499131,
      0.043207429456863296,
      0.14226238155895776,
      0.1110482435856125,
      0.24932047995279644,
      0.1110482435856125,
      0.14226238155895776,
      0.043207429456863296,
      0.03450249098000718,
      0.009441530280225246,
      0.005773884322602142,
      0.007121287390587496,
      0.0012541683822919533,
      0.0010753508132621795,
      0.00033411949446320933,
      0.0002423456521755522,
      7.865264453331029e-05,
      5.1660519389168694e-05,
      0.003603532046031322,
      0.01027299410200856,
      0.006577096748802993,
      0.014578269974531152,
      0.003518581412262661,
      0.006577096748802993,
      0.01027299410200856,
      0.002660640660683753,
      0.003603532046031322,
      0.0040002200514145,
      0.0012290049456642354,
      0.0012541683822919533,
      0.0010753508132621795,
      0.0004025270082517135,
      1.8756365021813226e-05,
      0.0006789501476802056,
      6.035390069826194e-06,
      1.9551796029385633e-05,
      0.00011705002059208714,
      0.00012342955740818513
    ],
    [
      0.001762384437405526,
      0.12644191232659524,
      0.7360071804468135,
      1.0,
      0.7360071804468135,
      0.12644191232659524,
      0.0011339964248893509,
      0.0001737743237679898,
      0.05325714583656324,
      0.24932047995279644,
      0.4580362849786884,
      0.24932047995279644,
      0.05325714583656324,
      0.00035135792850851736,
      6.962552932436511e-05,
      1.4160989434835577e-05,
      0.007121287390587496,
      0.020267427535008285,
      0.0013702948605004014,
      0.030065015541526123,
      0.001762384437405526,
      0.020267427535008285,
      0.0013702948605004014,
      0.007121287390587496,
      0.0006789501476802056,
      6.703787519253333e-06,
      6.035390069826194e-06,
      8.78055557088132e-05,
      0.0017129630502528688,
      0.004375819968826536,
      0.035729309216832414,
      0.11930991709132571,
      0.26185341752367264,
      0.6901312751085779,
      0.8638600085753756,
      0.999712915044598,
      0.8638600085753756,
      0.6901312751085779,
      0.26185341752367264,
      0.11930991709132571,
      0.007930494672338867,
      0.0016534175130193778,
      0.0008958829608499131,
      0.000280200544854238,
      0.00014507527221463464,
      0.009441530280225246,
      0.03450249098000718,
      0.043207429456863296,
      0.14226238155895776,
      0.1110482435856125,
      0.24932047995279644,
      0.1110482435856125,
      0.14226238155895776,
      0.043207429456863296,
      0.03450249098000718,
      0.0017129630502528688,
      0.00033411949446320933,
      0.0002423456521755522,
      7.865264453331029e-05,
      5.1660519389168694e-05,
      1.7863030577420477e-05,
      1.1104313118866433e-05,
      0.0012541683822919533,
      0.0040002200514145,
      0.003603532046031322,
      0.01027299410200856,
      0.002660640660683753,
      0.006577096748802993,
      0.014578269974531152,
      0.003518581412262661,
      0.006577096748802993,
      0.01027299410200856,
      0.002660640660683753,
      0.003603532046031322,
      0.0040002200514145,
      0.0012290049456642354,
      4.788541248482979e-06,
      0.0002423456521755522,
      1.8209735864658824e-06,
      7.045474773377196e-06,
      5.1660519389168694e-05,
      8.78055557088132e-05
    ],
    [
      0.0002423456521755522,
      0.014578269974531152,
      0.12644191232659524,
      0.7360071804468135,
      1.0,
      0.7360071804468135,
      0.0001737743237679898,
      2.9407048761506244e-05,
      0.007930494672338867,
      0.05325714583656324,
      0.24932047995279644,
      0.4580362849786884,
      0.24932047995279644,
      6.962552932436511e-05,
      1.4160989434835577e-05,
      3.0354722571723856e-06,
      0.0017129630502528688,
      0.007121287390587496,
      0.0006789501476802056,
      0.020267427535008285,
      0.0013702948605004014,
      0.030065015541526123,
      0.001762384437405526,
      0.020267427535008285,
      0.0013702948605004014,
      1.3362542694379076e-06,
      1.2256939291722584e-06,
      1.4956731962733542e-05,
      0.0002372499751521471,
      0.0005828477624848827,
      0.004375819968826536,
      0.014007750992842367,
      0.035729309216832414,
      0.11930991709132571,
      0.26185341752367264,
      0.6901312751085779,
      0.8638600085753756,
      0.999712915044598,
      0.8638600085753756,
      0.6901312751085779,
      0.0011339964248893509,
      0.000280200544854238,
      0.00014507527221463464,
      4.9703478760827656e-05,
      2.5503892058414194e-05,
      0.0016534175130193778,
      0.005773884322602142,
      0.009441530280225246,
      0.03450249098000718,
      0.043207429456863296,
      0.14226238155895776,
      0.1110482435856125,
      0.24932047995279644,
      0.1110482435856125,
      0.14226238155895776,
      0.00035135792850851736,
      7.865264453331029e-05,
      5.1660519389168694e-05,
      1.7863030577420477e-05,
      1.1104313118866433e-05,
      4.105995898713975e-06,
      2.4822409156953704e-06,
      0.00033411949446320933,
      0.0010753508132621795,
      0.0012541683822919533,
      0.0040002200514145,
      0.0012290049456642354,
      0.003603532046031322,
      0.01027299410200856,
      0.002660640660683753,
      0.006577096748802993,
      0.014578269974531152,
      0.003518581412262661,
      0.006577096748802993,
      0.01027299410200856,
      0.002660640660683753,
      1.2256939291722584e-06,
      7.088547971832477e-05,
      5.355105044811622e-07,
      2.308066991300024e-06,
      1.8756365021813226e-05,
      4.6428189377171886e-05
    ],
    [
      3.813624039057982e-05,
      0.001762384437405526,
      0.014578269974531152,
      0.12644191232659524,
      0.7360071804468135,
      1.0,
      2.9407048761506244e-05,
      5.511589056266072e-06,
      0.0011339964248893509,
      0.007930494672338867,
      0.05325714583656324,
      0.24932047995279644,
      0.4580362849786884,
      1.4160989434835577e-05,
      3.0354722571723856e-06,
      6.925114462137984e-07,
      0.00035135792850851736,
      0.0017129630502528688,
      0.0002423456521755522,
      0.007121287390587496,
      0.0006789501476802056,
      0.020267427535008285,
      0.0013702948605004014,
      0.030065015541526123,
      0.001762384437405526,
      2.933178870866365e-07,
      2.7283446951738715e-07,
      2.8510907769054275e-06,
      3.7511802947806735e-05,
      8.78055557088132e-05,
      0.0005828477624848827,
      0.0017129630502528688,
      0.004375819968826536,
      0.014007750992842367,
      0.035729309216832414,
      0.11930991709132571,
      0.26185341752367264,
      0.6901312751085779,
      0.8638600085753756,
      0.999712915044598,
      0.0001737743237679898,
      4.9703478760827656e-05,
      2.5503892058414194e-05,
      9.492100045557808e-06,
      4.9116628318937065e-06,
      0.000280200544854238,
      0.0008958829608499131,
      0.0016534175130193778,
      0.005773884322602142,
      0.009441530280225246,
      0.03450249098000718,
      0.043207429456863296,
      0.14226238155895776,
      0.1110482435856125,
      0.24932047995279644,
      6.962552932436511e-05,
      1.7863030577420477e-05,
      1.1104313118866433e-05,
      4.105995898713975e-06,
      2.4822409156953704e-06,
      9.78557149896753e-07,
      5.848447732877783e-07,
      7.865264453331029e-05,
      0.0002423456521755522,
      0.00033411949446320933,
      0.0010753508132621795,
      0.0004025270082517135,
      0.0012541683822919533,
      0.0040002200514145,
      0.0012290049456642354,
      0.003603532046031322,
      0.01027299410200856,
      0.002660640660683753,
      0.006577096748802993,
      0.014578269974531152,
      0.003518581412262661,
      3.2137239496978356e-07,
      1.8756365021813226e-05,
      1.5739438868828155e-07,
      7.191386695724733e-07,
      6.035390069826194e-06,
      1.9551796029385633e-05
    ],
    [
      0.4580362849786884,
      0.05325714583656324,
      0.007930494672338867,
      0.0011339964248893509,
      0.0001737743237679898,
      2.9407048761506244e-05,
      1.0,
      0.7360071804468135,
      0.12644191232659524,
      0.014578269974531152,
      0.001762384437405526,
      0.0002423456521755522,
      3.813624039057982e-05,
      0.4580362849786884,
      0.24932047995279644,
      0.05325714583656324,
      0.05325714583656324,
      0.007930494672338867,
      0.0017129630502528688,
      0.0011339964248893509,
      0.00035135792850851736,
      0.0001737743237679898,
      6.962552932436511e-05,
      2.9407048761506244e-05,
      1.4160989434835577e-05,
      0.01027299410200856,
      0.014007750992842367,
      0.26185341752367264,
      0.7360071804468135,
      0.8638600085753756,
      0.26185341752367264,
      0.07650260757822173,
      0.035729309216832414,
      0.01027299410200856,
      0.004375819968826536,
      0.0013702948605004014,
      0.0005828477624848827,
      0.00020061030541233642,
      8.78055557088132e-05,
      3.291276720044624e-05,
      0.7360071804468135,
      0.8638600085753756,
      0.999712915044598,
      0.8638600085753756,
      0.6901312751085779,
      0.26185341752367264,
      0.11930991709132571,
      0.035729309216832414,
      0.014007750992842367,
      0.004375819968826536,
      0.0017129630502528688,
      0.0005828477624848827,
      0.0002372499751521471,
      8.78055557088132e-05,
      3.7511802947806735e-05,
      0.24932047995279644,
      0.1110482435856125,
      0.24932047995279644,
      0.1110482435856125,
      0.14226238155895776,
      0.043207429456863296,
      0.03450249098000718,
      0.043207429456863296,
      0.03450249098000718,
      0.009441530280225246,
      0.005773884322602142,
      0.002660640660683753,
      0.0016534175130193778,
      0.0008958829608499131,
      0.0004961302252925397,
      0.000280200544854238,
      0.00014507527221463464,
      9.154540782046843e-05,
      4.9703478760827656e-05,
      2.5503892058414194e-05,
      1.7663762975803952e-05,
      0.007121287390587496,
      0.020267427535008285,
      0.0012290049456642354,
      0.0016534175130193778,
      0.002660640660683753,
      0.0004190219465269051
    ],
    [
      0.24932047995279644,
      0.007930494672338867,
      0.0011339964248893509,
      0.0001737743237679898,
      2.9407048761506244e-05,
      5.511589056266072e-06,
      0.7360071804468135,
      1.0,
      0.014578269974531152,
      0.001762384437405526,
      0.0002423456521755522,
      3.813624039057982e-05,
      6.793044374854343e-06,
      0.24932047995279644,
      0.4580362849786884,
      0.24932047995279644,
      0.007930494672338867,
      0.0011339964248893509,
      0.00035135792850851736,
      0.0001737743237679898,
      6.962552932436511e-05,
      2.9407048761506244e-05,
      1.4160989434835577e-05,
      5.511589056266072e-06,
      3.0354722571723856e-06,
      0.07650260757822173,
      0.11930991709132571,
      0.8638600085753756,
      0.39891965113772154,
      0.26185341752367264,
      0.035729309216832414,
      0.01027299410200856,
      0.004375819968826536,
      0.0013702948605004014,
      0.0005828477624848827,
      0.00020061030541233642,
      8.78055557088132e-05,
      3.291276720044624e-05,
      1.4956731962733542e-05,
      6.035390069826194e-06,
      0.12644191232659524,
      0.26185341752367264,
      0.6901312751085779,
      0.8638600085753756,
      0.999712915044598,
      0.035729309216832414,
      0.014007750992842367,
      0.004375819968826536,
      0.0017129630502528688,
      0.0005828477624848827,
      0.0002372499751521471,
      8.78055557088132e-05,
      3.7511802947806735e-05,
      1.4956731962733542e-05,
      6.703787519253333e-06,
      0.05325714583656324,
      0.043207429456863296,
      0.14226238155895776,
      0.1110482435856125,
      0.24932047995279644,
      0.1110482435856125,
      0.14226238155895776,
      0.009441530280225246,
      0.005773884322602142,
      0.0016534175130193778,
      0.0008958829608499131,
      0.0004961302252925397,
      0.000280200544854238,
      0.00014507527221463464,
      9.154540782046843e-05,
      4.9703478760827656e-05,
      2.5503892058414194e-05,
      1.7663762975803952e-05,
      9.492100045557808e-06,
      4.9116628318937065e-06,
      3.640442763169127e-06,
      0.020267427535008285,
      0.007121287390587496,
      0.002660640660683753,
      0.0016534175130193778,
      0.0012290049456642354,
      0.000133428070079835
    ],
    [
      0.05325714583656324,
      0.4580362849786884,
      0.24932047995279644,
      0.05325714583656324,
      0.007930494672338867,
      0.0011339964248893509,
      0.12644191232659524,
      0.014578269974531152,
      1.0,
      0.7360071804468135,
      0.12644191232659524,
      0.014578269974531152,
      0.001762384437405526,
      0.05325714583656324,
      0.007930494672338867,
      0.0011339964248893509,
      0.4580362849786884,
      0.24932047995279644,
      0.020267427535008285,
      0.05325714583656324,
      0.007121287390587496,
      0.007930494672338867,
      0.0017129630502528688,
      0.0011339964248893509,
      0.00035135792850851736,
      0.00020061030541233642,
      0.0002372499751521471,
      0.004375819968826536,
      0.07650260757822173,
      0.26185341752367264,
      0.8638600085753756,
      0.7360071804468135,
      0.8638600085753756,
      0.39891965113772154,
      0.26185341752367264,
      0.07650260757822173,
      0.035729309216832414,
      0.01027299410200856,
      0.004375819968826536,
      0.0013702948605004014,
      0.7360071804468135,
      0.26185341752367264,
      0.11930991709132571,
      0.035729309216832414,
      0.014007750992842367,
      0.8638600085753756,
      0.999712915044598,
      0.8638600085753756,
      0.6901312751085779,
      0.26185341752367264,
      0.11930991709132571,
      0.035729309216832414,
      0.014007750992842367,
      0.004375819968826536,
      0.0017129630502528688,
      0.24932047995279644,
      0.043207429456863296,
      0.03450249098000718,
      0.009441530280225246,
      0.005773884322602142,
      0.0016534175130193778,
      0.0008958829608499131,
      0.1110482435856125,
      0.24932047995279644,
      0.1110482435856125,
      0.14226238155895776,
      0.03972933617324471,
      0.043207429456863296,
      0.03450249098000718,
      0.012446401708707273,
      0.009441530280225246,
      0.005773884322602142,
      0.002660640660683753,
      0.0016534175130193778,
      0.0008958829608499131,
      0.0004961302252925397,
      0.00035135792850851736,
      0.020267427535008285,
      0.00010842894738975821,
      0.0004190219465269051,
      0.002660640660683753,
      0.0016534175130193778
    ],
    [
      0.007930494672338867,
      0.24932047995279644,
      0.4580362849786884,
      0.24932047995279644,
      0.05325714583656324,
      0.007930494672338867,
      0.014578269974531152,
      0.001762384437405526,
      0.7360071804468135,
      1.0,
      0.7360071804468135,
      0.12644191232659524,
      0.014578269974531152,
      0.007930494672338867,
      0.0011339964248893509,
      0.0001737743237679898,
      0.24932047995279644,
      0.4580362849786884,
      0.030065015541526123,
      0.24932047995279644,
      0.020267427535008285,
      0.05325714583656324,
      0.007121287390587496,
      0.007930494672338867,
      0.0017129630502528688,
      3.291276720044624e-05,
      3.7511802947806735e-05,
      0.0005828477624848827,
      0.01027299410200856,
      0.035729309216832414,
      0.26185341752367264,
      0.39891965113772154,
      0.8638600085753756,
      0.7360071804468135,
      0.8638600085753756,
      0.39891965113772154,
      0.26185341752367264,
      0.07650260757822173,
      0.035729309216832414,
      0.01027299410200856,
      0.12644191232659524,
      0.035729309216832414,
      0.014007750992842367,
      0.004375819968826536,
      0.0017129630502528688,
      0.26185341752367264,
      0.6901312751085779,
      0.8638600085753756,
      0.999712915044598,
      0.8638600085753756,
      0.6901312751085779,
      0.26185341752367264,
      0.11930991709132571,
      0.035729309216832414,
      0.014007750992842367,
      0.05325714583656324,
      0.009441530280225246,
      0.005773884322602142,
      0.0016534175130193778,
      0.0008958829608499131,
      0.000280200544854238,
      0.00014507527221463464,
      0.043207429456863296,
      0.14226238155895776,
      0.1110482435856125,
      0.24932047995279644,
      0.06202448110746183,
      0.1110482435856125,
      0.14226238155895776,
      0.03972933617324471,
      0.043207429456863296,
      0.03450249098000718,
      0.012446401708707273,
      0.009441530280225246,
      0.005773884322602142,
      0.002660640660683753,
      6.962552932436511e-05,
      0.007121287390587496,
      2.673583204384737e-05,
      0.000133428070079835,
      0.0012290049456642354,
      0.0016534175130193778
    ],
    [
      0.0011339964248893509,
      0.05325714583656324,
      0.24932047995279644,
      0.4580362849786884,
      0.24932047995279644,
      0.05325714583656324,
      0.001762384437405526,
      0.0002423456521755522,
      0.12644191232659524,
      0.7360071804468135,
      1.0,
      0.7360071804468135,
      0.12644191232659524,
      0.0011339964248893509,
      0.0001737743237679898,
      2.9407048761506244e-05,
      0.05325714583656324,
      0.24932047995279644,
      0.020267427535008285,
      0.4580362849786884,
      0.030065015541526123,
      0.24932047995279644,
      0.020267427535008285,
      0.05325714583656324,
      0.007121287390587496,
      6.035390069826194e-06,
      6.703787519253333e-06,
      8.78055557088132e-05,
      0.0013702948605004014,
      0.004375819968826536,
      0.035729309216832414,
      0.07650260757822173,
      0.26185341752367264,
      0.39891965113772154,
      0.8638600085753756,
      0.7360071804468135,
      0.8638600085753756,
      0.39891965113772154,
      0.26185341752367264,
      0.07650260757822173,
      0.014578269974531152,
      0.004375819968826536,
      0.0017129630502528688,
      0.0005828477624848827,
      0.0002372499751521471,
      0.035729309216832414,
      0.11930991709132571,
      0.26185341752367264,
      0.6901312751085779,
      0.8638600085753756,
      0.999712915044598,
      0.8638600085753756,
      0.6901312751085779,
      0.26185341752367264,
      0.11930991709132571,
      0.007930494672338867,
      0.0016534175130193778,
      0.0008958829608499131,
      0.000280200544854238,
      0.00014507527221463464,
      4.9703478760827656e-05,
      2.5503892058414194e-05,
      0.009441530280225246,
      0.03450249098000718,
      0.043207429456863296,
      0.14226238155895776,
      0.03972933617324471,
      0.1110482435856125,
      0.24932047995279644,
      0.06202448110746183,
      0.1110482435856125,
      0.14226238155895776,
      0.03972933617324471,
      0.043207429456863296,
      0.03450249098000718,
      0.012446401708707273,
      1.4160989434835577e-05,
      0.0017129630502528688,
      6.4438351256068486e-06,
      3.674747240519093e-05,
      0.0004025270082517135,
      0.0010135005961479412
    ],
    [
      0.0001737743237679898,
      0.007930494672338867,
      0.05325714583656324,
      0.24932047995279644,
      0.4580362849786884,
      0.24932047995279644,
      0.0002423456521755522,
      3.813624039057982e-05,
      0.014578269974531152,
      0.12644191232659524,
      0.7360071804468135,
      1.0,
      0.7360071804468135,
      0.0001737743237679898,
      2.9407048761506244e-05,
      5.511589056266072e-06,
      0.007930494672338867,
      0.05325714583656324,
      0.007121287390587496,
      0.24932047995279644,
      0.020267427535008285,
      0.4580362849786884,
      0.030065015541526123,
      0.24932047995279644,
      0.020267427535008285,
      1.2256939291722584e-06,
      1.3362542694379076e-06,
      1.4956731962733542e-05,
      0.00020061030541233642,
      0.0005828477624848827,
      0.004375819968826536,
      0.01027299410200856,
      0.035729309216832414,
      0.07650260757822173,
      0.26185341752367264,
      0.39891965113772154,
      0.8638600085753756,
      0.7360071804468135,
      0.8638600085753756,
      0.39891965113772154,
      0.001762384437405526,
      0.0005828477624848827,
      0.0002372499751521471,
      8.78055557088132e-05,
      3.7511802947806735e-05,
      0.004375819968826536,
      0.014007750992842367,
      0.035729309216832414,
      0.11930991709132571,
      0.26185341752367264,
      0.6901312751085779,
      0.8638600085753756,
      0.999712915044598,
      0.8638600085753756,
      0.6901312751085779,
      0.0011339964248893509,
      0.000280200544854238,
      0.00014507527221463464,
      4.9703478760827656e-05,
      2.5503892058414194e-05,
      9.492100045557808e-06,
      4.9116628318937065e-06,
      0.0016534175130193778,
      0.005773884322602142,
      0.009441530280225246,
      0.03450249098000718,
      0.012446401708707273,
      0.043207429456863296,
      0.14226238155895776,
      0.03972933617324471,
      0.1110482435856125,
      0.24932047995279644,
      0.06202448110746183,
      0.1110482435856125,
      0.14226238155895776,
      0.03972933617324471,
      3.0354722571723856e-06,
      0.00035135792850851736,
      1.574982562705078e-06,
      9.492100045557808e-06,
      0.00010842894738975821,
      0.0004190219465269051
    ],
    [
      2.9407048761506244e-05,
      0.0011339964248893509,
      0.007930494672338867,
      0.05325714583656324,
      0.24932047995279644,
      0.4580362849786884,
      3.813624039057982e-05,
      6.793044374854343e-06,
      0.001762384437405526,
      0.014578269974531152,
      0.12644191232659524,
      0.7360071804468135,
      1.0,
      2.9407048761506244e-05,
      5.511589056266072e-06,
      1.137305226818087e-06,
      0.0011339964248893509,
      0.007930494672338867,
      0.0017129630502528688,
      0.05325714583656324,
      0.007121287390587496,
      0.24932047995279644,
      0.020267427535008285,
      0.4580362849786884,
      0.030065015541526123,
      2.7283446951738715e-07,
      2.933178870866365e-07,
      2.8510907769054275e-06,
      3.291276720044624e-05,
      8.78055557088132e-05,
      0.0005828477624848827,
      0.0013702948605004014,
      0.004375819968826536,
      0.01027299410200856,
      0.035729309216832414,
      0.07650260757822173,
      0.26185341752367264,
      0.39891965113772154,
      0.8638600085753756,
      0.7360071804468135,
      0.0002423456521755522,
      8.78055557088132e-05,
      3.7511802947806735e-05,
      1.4956731962733542e-05,
      6.703787519253333e-06,
      0.0005828477624848827,
      0.0017129630502528688,
      0.004375819968826536,
      0.014007750992842367,
      0.035729309216832414,
      0.11930991709132571,
      0.26185341752367264,
      0.6901312751085779,
      0.8638600085753756,
      0.999712915044598,
      0.0001737743237679898,
      4.9703478760827656e-05,
      2.5503892058414194e-05,
      9.492100045557808e-06,
      4.9116628318937065e-06,
      1.9654827414861114e-06,
      1.0339640486337414e-06,
      0.000280200544854238,
      0.0008958829608499131,
      0.0016534175130193778,
      0.005773884322602142,
      0.002660640660683753,
      0.009441530280225246,
      0.03450249098000718,
      0.012446401708707273,
      0.043207429456863296,
      0.14226238155895776,
      0.03972933617324471,
      0.1110482435856125,
      0.24932047995279644,
      0.06202448110746183,
      6.925114462137984e-07,
      6.962552932436511e-05,
      3.979830249260283e-07,
      2.417894597465933e-06,
      2.673583204384737e-05,
      0.000133428070079835
    ],
    [
      0.030065015541526123,
      0.007121287390587496,
      0.0017129630502528688,
      0.00035135792850851736,
      6.962552932436511e-05,
      1.4160989434835577e-05,
      0.4580362849786884,
      0.24932047995279644,
      0.05325714583656324,
      0.007930494672338867,
      0.0011339964248893509,
      0.0001737743237679898,
      2.9407048761506244e-05,
      1.0,
      0.7360071804468135,
      0.12644191232659524,
      0.12644191232659524,
      0.014578269974531152,
      0.007930494672338867,
      0.001762384437405526,
      0.0011339964248893509,
      0.0002423456521755522,
      0.0001737743237679898,
      3.813624039057982e-05,
      2.9407048761506244e-05,
      0.002660640660683753,
      0.005773884322602142,
      0.043207429456863296,
      0.06202448110746183,
      0.1110482435856125,
      0.043207429456863296,
      0.012446401708707273,
      0.009441530280225246,
      0.002660640660683753,
      0.0016534175130193778,
      0.0004961302252925397,
      0.000280200544854238,
      9.154540782046843e-05,
      4.9703478760827656e-05,
      1.7663762975803952e-05,
      0.24932047995279644,
      0.8638600085753756,
      0.7360071804468135,
      0.8638600085753756,
      0.39891965113772154,
      0.26185341752367264,
      0.07650260757822173,
      0.035729309216832414,
      0.01027299410200856,
      0.004375819968826536,
      0.0013702948605004014,
      0.0005828477624848827,
      0.00020061030541233642,
      8.78055557088132e-05,
      3.291276720044624e-05,
      0.7360071804468135,
      0.8638600085753756,
      0.999712915044598,
      0.8638600085753756,
      0.6901312751085779,
      0.26185341752367264,
      0.11930991709132571,
      0.26185341752367264,
      0.11930991709132571,
      0.035729309216832414,
      0.014007750992842367,
      0.01027299410200856,
      0.004375819968826536,
      0.0017129630502528688,
      0.0013702948605004014,
      0.0005828477624848827,
      0.0002372499751521471,
      0.00020061030541233642,
      8.78055557088132e-05,
      3.7511802947806735e-05,
      3.291276720044624e-05,
      0.05325714583656324,
      0.24932047995279644,
      0.012446401708707273,
      0.027173156057024354,
      0.03972933617324471,
      0.003603532046031322
    ],
    [
      0.020267427535008285,
      0.0017129630502528688,
      0.00035135792850851736,
      6.962552932436511e-05,
      1.4160989434835577e-05,
      3.0354722571723856e-06,
      0.24932047995279644,
      0.4580362849786884,
      0.007930494672338867,
      0.0011339964248893509,
      0.0001737743237679898,
      2.9407048761506244e-05,
      5.511589056266072e-06,
      0.7360071804468135,
      1.0,
      0.7360071804468135,
      0.014578269974531152,
      0.001762384437405526,
      0.0011339964248893509,
      0.0002423456521755522,
      0.0001737743237679898,
      3.813624039057982e-05,
      2.9407048761506244e-05,
      6.793044374854343e-06,
      5.511589056266072e-06,
      0.012446401708707273,
      0.03450249098000718,
      0.1110482435856125,
      0.03972933617324471,
      0.043207429456863296,
      0.009441530280225246,
      0.002660640660683753,
      0.0016534175130193778,
      0.0004961302252925397,
      0.000280200544854238,
      9.154540782046843e-05,
      4.9703478760827656e-05,
      1.7663762975803952e-05,
      9.492100045557808e-06,
      3.640442763169127e-06,
      0.05325714583656324,
      0.26185341752367264,
      0.39891965113772154,
      0.8638600085753756,
      0.7360071804468135,
      0.035729309216832414,
      0.01027299410200856,
      0.004375819968826536,
      0.0013702948605004014,
      0.0005828477624848827,
      0.00020061030541233642,
      8.78055557088132e-05,
      3.291276720044624e-05,
      1.4956731962733542e-05,
      6.035390069826194e-06,
      0.12644191232659524,
      0.26185341752367264,
      0.6901312751085779,
      0.8638600085753756,
      0.999712915044598,
      0.8638600085753756,
      0.6901312751085779,
      0.035729309216832414,
      0.014007750992842367,
      0.004375819968826536,
      0.0017129630502528688,
      0.0013702948605004014,
      0.0005828477624848827,
      0.0002372499751521471,
      0.00020061030541233642,
      8.78055557088132e-05,
      3.7511802947806735e-05,
      3.291276720044624e-05,
      1.4956731962733542e-05,
      6.703787519253333e-06,
      6.035390069826194e-06,
      0.24932047995279644,
      0.05325714583656324,
      0.03972933617324471,
      0.027173156057024354,
      0.012446401708707273,
      0.000783724599894821
    ],
    [
      0.007121287390587496,
      0.00035135792850851736,
      6.962552932436511e-05,
      1.4160989434835577e-05,
      3.0354722571723856e-06,
      6.925114462137984e-07,
      0.05325714583656324,
      0.24932047995279644,
      0.0011339964248893509,
      0.0001737743237679898,
      2.9407048761506244e-05,
      5.511589056266072e-06,
      1.137305226818087e-06,
      0.12644191232659524,
      0.7360071804468135,
      1.0,
      0.001762384437405526,
      0.0002423456521755522,
      0.0001737743237679898,
      3.813624039057982e-05,
      2.9407048761506244e-05,
      6.793044374854343e-06,
      5.511589056266072e-06,
      1.3508427325718638e-06,
      1.137305226818087e-06,
      0.03972933617324471,
      0.14226238155895776,
      0.1110482435856125,
      0.012446401708707273,
      0.009441530280225246,
      0.0016534175130193778,
      0.0004961302252925397,
      0.000280200544854238,
      9.154540782046843e-05,
      4.9703478760827656e-05,
      1.7663762975803952e-05,
      9.492100045557808e-06,
      3.640442763169127e-06,
      1.9654827414861114e-06,
      8.06139514660034e-07,
      0.007930494672338867,
      0.035729309216832414,
      0.07650260757822173,
      0.26185341752367264,
      0.39891965113772154,
      0.004375819968826536,
      0.0013702948605004014,
      0.0005828477624848827,
      0.00020061030541233642,
      8.78055557088132e-05,
      3.291276720044624e-05,
      1.4956731962733542e-05,
      6.035390069826194e-06,
      2.8510907769054275e-06,
      1.2256939291722584e-06,
      0.014578269974531152,
      0.035729309216832414,
      0.11930991709132571,
      0.26185341752367264,
      0.6901312751085779,
      0.8638600085753756,
      0.999712915044598,
      0.004375819968826536,
      0.0017129630502528688,
      0.0005828477624848827,
      0.0002372499751521471,
      0.00020061030541233642,
      8.78055557088132e-05,
      3.7511802947806735e-05,
      3.291276720044624e-05,
      1.4956731962733542e-05,
      6.703787519253333e-06,
      6.035390069826194e-06,
      2.8510907769054275e-06,
      1.3362542694379076e-06,
      1.2256939291722584e-06,
      0.4580362849786884,
      0.007930494672338867,
      0.06202448110746183,
      0.012816804532496227,
      0.002660640660683753,
      0.00015632117228263167
    ],
    [
      0.007121287390587496,
      0.030065015541526123,
      0.020267427535008285,
      0.007121287390587496,
      0.0017129630502528688,
      0.00035135792850851736,
      0.05325714583656324,
      0.007930494672338867,
      0.4580362849786884,
      0.24932047995279644,
      0.05325714583656324,
      0.007930494672338867,
      0.0011339964248893509,
      0.12644191232659524,
      0.014578269974531152,
      0.001762384437405526,
      1.0,
      0.7360071804468135,
      0.24932047995279644,
      0.12644191232659524,
      0.05325714583656324,
      0.014578269974531152,
      0.007930494672338867,
      0.001762384437405526,
      0.0011339964248893509,
      9.154540782046843e-05,
      0.00014507527221463464,
      0.0016534175130193778,
      0.012446401708707273,
      0.043207429456863296,
      0.1110482435856125,
      0.06202448110746183,
      0.1110482435856125,
      0.03972933617324471,
      0.043207429456863296,
      0.012446401708707273,
      0.009441530280225246,
      0.002660640660683753,
      0.0016534175130193778,
      0.0004961302252925397,
      0.24932047995279644,
      0.26185341752367264,
      0.07650260757822173,
      0.035729309216832414,
      0.01027299410200856,
      0.8638600085753756,
      0.7360071804468135,
      0.8638600085753756,
      0.39891965113772154,
      0.26185341752367264,
      0.07650260757822173,
      0.035729309216832414,
      0.01027299410200856,
      0.004375819968826536,
      0.0013702948605004014,
      0.7360071804468135,
      0.26185341752367264,
      0.11930991709132571,
      0.035729309216832414,
      0.014007750992842367,
      0.004375819968826536,
      0.0017129630502528688,
      0.8638600085753756,
      0.999712915044598,
      0.8638600085753756,
